$ 1 0.000005 4.818269829109882 50 5 50
R 224 240 176 240 1 2 100 2.5 2.5 -1.5707963267948966 0.5
R 352 160 352 192 1 2 100 2.5 2.5 0 0.5
154 768 320 864 320 0 2 0 5
207 1088 160 1088 208 0 STEP
S 288 192 224 192 0 1 false 1 2
R 224 144 176 144 1 2 100 2.5 2.5 1.5707963267948966 0.5
155 304 320 432 320 0 5
207 1088 320 1088 272 0 DIR
x 138 123 227 126 4 24 Controls
207 320 192 320 112 0 IA
207 224 208 176 208 0 Left
w 224 240 224 208 0
207 224 176 176 176 0 Right
w 224 144 224 176 0
207 352 160 352 112 0 IB
x 320 86 385 89 4 24 Inputs
x 1047 246 1131 249 4 24 Outputs
155 176 320 304 320 0 5
R 384 160 384 192 1 2 1001 2.5 2.5 0 0.5
207 384 160 384 112 0 CL
w 288 192 320 192 0
207 272 320 272 288 0 A
207 176 320 160 320 0 IA
207 176 352 160 352 0 CL
w 272 320 304 320 0
207 304 352 288 352 0 CL
207 400 320 400 288 0 A'
154 768 512 864 512 0 4 0 5
207 400 480 400 448 0 B'
207 304 512 288 512 0 CL
w 272 480 304 480 0
207 176 512 160 512 0 CL
207 176 480 160 480 0 IB
207 272 480 272 448 0 B
155 176 480 304 480 0 5
155 304 480 432 480 0 5
207 768 496 736 496 0 A'
207 768 480 736 480 0 A
207 768 528 736 528 0 B
207 768 544 736 544 0 B'
207 768 304 736 304 0 B
207 768 336 736 336 0 A'
155 928 320 1056 320 0 0
w 864 320 928 320 0
155 928 160 1088 160 0 0
w 928 192 928 352 0
w 864 160 928 160 0
207 864 160 832 160 0 ICL
x 661 84 1131 87 4 24 decoder\sfor\srotary\sencoders\susing\sgray\scode
207 864 512 896 512 0 ICL
207 928 352 896 352 0 CL
x 249 237 491 240 4 12 1.\sclick\sswitch\sto\schoose\sdirection\sof\sIA\sand\sIB
x 135 276 486 279 4 12 2.\squantize\sIA\sand\sIB\swith\sexternal\sclock\sCL\sand\sstore\sinto\sA\sand\sB
x 247 433 440 436 4 12 3.\sshift\slast\sstate\sinto\sA'\sand\sB'\sbuffer
x 692 118 925 121 4 12 5.\semit\sSTEP\spulse\swhenever\sA\sand\sB\sdiffer
x 684 454 1115 457 4 12 4.\sgenerate\sinternal\sclock\spulse\sICL\swhenver\sany\sof\sthe\sinputs\schange\susing\sXOR
x 924 476 1114 479 4 12 ICL\sis\sused\sto\sfeed\sthe\soutput\sbuffer
x 925 493 1116 496 4 12 D\sflip\sflops\sabove\sfor\sSTEP\sand\sDIR
x 684 277 913 280 4 12 6.\semit\spulse\swhenever\sB\sdoes\snot\sfollow\sA
207 864 320 864 352 0 D
S 432 160 432 144 0 1 false 1 2
207 432 160 432 192 0 IDIR
g 448 144 448 112 0
R 416 144 416 112 0 0 40 5 0 0 0.5
x 515 368 659 371 4 10 scope2\sshows\scalculation\sof\sDIR
x 495 384 687 387 4 10 scope3\sshows\sdelay\sbetween\sIDIR\sand\sDIR
x 484 353 685 356 4 10 scope1\sshows\squantization\sand\sbuffering\sof\sA
w 1088 320 1024 320 0
w 1024 160 1088 160 0
x 511 398 661 401 4 10 scope4\sshows\sInputs\sand\sOutputs
x 547 332 627 335 4 24 Scopes
o 9 8 0 4102 5 0.00009765625 0 2 9 3
o 19 8 0 4102 5 0.00009765625 0 2 19 3
o 21 8 0 4102 5 0.00009765625 0 2 21 3
o 26 8 0 4102 5 0.00009765625 0 2 26 3
o 21 8 0 4102 5 0.00009765625 1 2 21 3
o 33 8 0 4102 5 0.00009765625 1 2 33 3
o 59 8 0 4102 5 0.00009765625 1 2 59 3
o 50 8 0 4102 5 0.00009765625 1 2 50 3
o 7 8 0 4102 5 0.00009765625 1 2 7 3
o 61 8 0 4102 0.0000762939453125 0.00009765625 2 2 61 3
o 7 8 0 4102 5 0.00009765625 2 2 7 3
o 19 8 0 4102 5 0.00009765625 2 2 19 3
o 9 8 0 4102 5 0.00009765625 3 2 9 3
o 14 8 0 4102 5 0.00009765625 3 2 14 3
o 3 8 0 4102 5 0.00009765625 3 2 3 3
o 7 8 0 4102 5 0.00009765625 3 2 7 3
